0,9101,90
1,1996,90
2,5237,100
3,5980,90
4,2414,90
4,5073,50
4,9982,80
4,1916,70
4,1547,90
4,8103,20
4,7623,70
4,838,60
5,9101,0
5,4499,30
5,6984,0
5,6539,50
6,4653,90
6,1789,30
14,1383,0
14,4653,0
14,5237,90
14,810,0
14,2901,70
14,5540,0
15,9101,90
15,684,0
15,3610,70
15,6608,0
18,7179,0
19,2255,90
20,9101,90
24,9101,70
24,6337,90
25,9101,90
27,6179,100
27,1127,0
27,6995,30
27,2184,50
29,853,30
29,5832,30
31,9067,70
32,3669,0
32,2128,70
32,1103,90
33,1127,80
33,2164,70
33,5237,70
34,3591,0
34,1315,100
34,8585,0
34,9598,100
34,8857,100
34,8214,0
34,5231,0
34,9625,0
34,5328,0
34,1785,0
34,2406,0
34,2674,0
34,7254,0
35,4070,50
35,1785,70
35,2452,90
37,9101,90
37,5408,0
37,2984,0
37,616,100
37,8577,0
37,3359,100
37,160,100
37,4283,56
37,2214,92
37,4132,100
37,6925,0
37,7845,0
37,5771,88
37,9339,0
37,3817,0
37,9528,0
37,9240,0
37,2490,0
37,6059,0
37,923,0
37,323,87
37,4196,0
37,4957,100
37,5570,0
37,9971,92
37,2582,100
37,6473,100
37,4825,100
37,1192,91
37,3600,0
37,2502,99
37,7945,99
37,4958,0
37,5893,78
37,2602,96
37,4743,0
37,1596,0
37,2658,100
37,9782,0
37,2631,86
37,4424,93
37,4741,81
37,9558,81
37,1785,0
37,8462,83
37,9267,13
37,9277,85
37,3038,100
37,9598,100
37,1045,99
37,5319,97
37,375,100
37,7733,84
37,8857,88
37,7531,77
37,7490,30
37,1450,50
37,6348,30
37,8420,70
37,1551,70
37,5607,50
37,895,50
37,5328,50
37,4643,70
37,5844,70
37,9686,50
37,5628,0
37,6539,50
37,2499,70
37,648,50
37,7830,50
37,7744,50
37,347,50
37,757,70
37,1996,70
37,5024,70
37,4577,50
37,7771,90
39,6264,0
39,5607,50
39,3669,30
40,4283,0
40,160,100
40,6984,0
40,9018,0
40,2309,90
45,4483,70
45,7465,50
45,6903,90
45,9459,90
45,8342,50
45,1483,0
45,4653,90
45,3669,0
45,5923,90
45,6539,50
45,2495,90
45,9649,50
45,8606,90
45,2384,90
45,7409,90
45,3742,90
45,7623,0
49,9459,90
49,9190,90
49,2184,90
49,968,90
49,6897,90
49,2309,70
49,4643,100
49,2667,90
49,9349,90
49,3193,90
49,3920,30
49,538,30
49,7648,90
49,9491,70
49,2724,30
49,8132,70
49,8851,50
53,3171,0
53,3664,0
53,7919,0
53,6268,50
53,4557,0
53,9409,50
53,2407,90
53,2878,0
53,5091,90
53,1574,50
53,9705,90
53,1307,30
53,2596,70
53,7749,50
53,2801,0
53,3871,70
53,9018,50
53,4707,0
53,364,90
53,7296,0
56,9101,0
56,3541,0
61,9101,90
62,9324,0
63,5575,0
63,5714,90
63,1733,90
63,7423,30
63,4283,30
67,5819,90
68,2895,90
68,2969,70
68,7757,0
68,4643,50
68,6984,50
68,347,50
68,6539,30
68,3359,90
68,7348,30
68,4820,50
68,2502,70
68,1738,30
68,7232,70
68,8627,0
68,4584,30
68,7693,30
68,9636,0
68,8155,0
68,1450,50
68,8438,70
68,9639,50
68,6473,50
68,7863,90
68,9,90
68,8420,0
68,3814,0
68,4132,30
68,9435,50
68,2602,70
68,5637,30
68,2954,0
68,1504,70
68,3973,70
68,7989,30
68,9334,0
68,8565,0
68,4141,0
68,757,90
68,8918,50
68,5698,30
68,7421,30
68,8861,0
68,584,90
68,622,30
68,934,30
68,5818,50
68,8938,70
68,4624,50
68,4341,30
68,4071,0
68,7003,70
68,6097,70
68,8588,0
69,4068,70
70,9803,70
70,567,70
70,2166,0
70,3514,50
70,599,70
73,3014,50
73,6264,0
73,4283,0
73,1315,50
73,4653,19
73,9494,0
73,5597,0
73,6777,0
73,2978,0
73,8606,19
73,5818,0
73,9806,0
73,6211,0
73,7733,0
73,95,0
73,7863,0
73,160,45
74,9101,90
75,5980,90
78,8524,0
79,3541,0
79,8819,70
79,7876,70
79,4279,0
79,737,0
79,5997,0
79,449,30
80,9067,90
82,4119,90
82,2609,0
82,9614,70
82,6152,50
82,2014,90
83,3036,90
84,8090,90
84,2523,90
86,7364,70
86,2688,0
86,3662,50
86,1383,50
86,1834,70
86,492,50
86,369,70
87,50,50
87,2610,0
88,1996,90
92,6264,90
92,1315,90
93,1996,90
94,7869,100
96,1103,100
103,4283,70
103,8420,100
103,7945,50
103,8103,90
103,3169,90
103,2462,70
103,5118,90
106,9101,90
107,8677,50
107,3767,50
107,1966,50
107,333,30
107,9398,70
107,2713,30
107,1383,0
107,9241,0
107,5576,50
107,7876,90
107,6897,30
111,3259,0
113,9101,100
114,8541,50
117,9101,50
117,853,50
117,6676,50
117,684,70
117,9442,90
118,7409,70
118,2037,30
118,3669,0
118,4240,0
118,6466,0
118,1598,70
118,1383,30
118,1852,0
118,7648,0
118,3541,50
125,2273,90
126,5408,0
126,8163,70
126,8936,0
128,2397,90
128,51,70
128,1943,70
128,5006,50
128,5206,70
128,1188,50
128,1966,70
128,3767,50
128,2674,70
128,3036,50
131,6650,70
135,684,70
139,2273,0
143,1996,90
143,5765,30
143,4996,0
143,7409,50
143,5608,70
143,853,50
143,9960,70
143,492,90
143,142,30
143,7453,30
144,4139,0
144,4346,0
144,1383,0
144,3669,0
145,1528,90
147,1979,90
147,6676,90
147,567,90
148,6264,100
148,9101,100
150,3747,100
150,5183,90
151,1080,100
151,8163,100
151,1369,0
151,1127,90
151,5350,100
151,4837,0
151,3322,0
151,5639,0
151,7170,0
151,7576,0
151,218,0
151,8298,0
151,7764,0
151,5556,90
151,5980,0
151,7699,0
151,2870,0
151,7187,0
151,9696,0
151,6502,0
151,511,80
151,9986,100
151,5042,0
151,4283,50
151,9519,0
151,3351,0
151,2816,0
151,9398,0
151,3696,0
151,659,0
151,1103,100
151,6007,0
151,5073,100
151,8581,100
151,9648,0
151,2397,50
151,4299,0
151,8103,0
151,9079,0
151,3467,70
151,8805,50
151,4860,70
151,4585,0
151,649,70
151,2883,30
151,853,50
151,2674,70
151,6179,50
151,4557,0
151,333,0
151,5841,0
151,4176,0
151,8021,0
151,3669,0
151,6993,0
151,2874,0
151,4443,0
151,7409,0
151,5832,0
151,4545,0
151,2471,70
151,5575,0
151,8913,50
153,51,83
153,258,100
153,9101,90
154,9101,90
156,3664,50
157,7433,90
157,2184,90
162,8498,90
162,3742,90
162,7095,90
162,9404,0
162,9773,50
162,516,0
163,1541,0
163,4653,90
165,7876,90
166,5653,80
166,5118,100
170,9044,0
170,347,90
170,2895,90
170,4643,50
170,2384,0
170,7409,0
170,6298,70
170,4653,90
171,9101,90
172,9101,90
174,9101,90
176,5980,90
177,3014,30
177,4992,90
177,2273,0
177,1178,70
177,8676,30
178,4858,90
178,4283,50
179,9101,90
181,4557,90
181,6892,100
181,5850,0
181,2222,100
181,5914,30
181,7014,20
181,1147,100
181,1037,90
183,4917,30
183,1532,70
184,6690,90
184,8565,50
186,323,50
186,1383,50
187,2489,50
189,6894,90
190,4577,90
190,6612,0
190,3628,50
190,1301,90
190,3359,0
190,4653,90
190,9339,50
190,9101,30
190,2502,0
191,4517,100
191,7059,90
191,2984,90
191,4825,100
191,1690,70
191,8724,100
191,5408,80
191,3044,100
191,3952,100
191,8861,100
191,2406,100
191,6970,100
191,567,60
191,160,0
191,4493,100
191,9651,100
191,6298,100
192,8507,0
192,1315,30
192,5118,30
192,3367,30
192,9101,0
192,2817,30
192,5781,0
192,3908,30
192,6648,0
192,9595,0
192,4960,30
194,1315,90
194,9101,90
194,8420,0
194,8702,100
195,7876,50
195,8142,90
195,9218,90
195,6264,0
195,1513,0
195,348,0
197,1996,50
198,9018,50
199,9101,90
200,4643,70
200,1682,30
201,1690,0
201,1996,50
201,3669,70
201,9259,0
201,8826,50
201,7162,70
201,4068,70
201,3663,50
201,6095,30
201,1551,70
201,9101,50
201,51,50
201,9878,70
201,9763,70
201,5814,70
201,4881,70
201,1189,70
201,618,70
201,4199,50
201,5857,0
201,8814,50
201,5832,0
201,7348,0
201,1938,70
201,3209,70
201,5429,0
201,3082,50
201,6722,70
201,2232,50
201,9046,0
201,9871,30
201,6539,50
201,967,30
201,5894,50
201,3957,50
201,7717,70
201,1383,30
201,3912,70
201,5608,70
201,4226,50
201,6473,70
201,2255,0
201,9833,50
201,8410,70
201,9647,70
201,1457,70
201,5652,50
201,3705,70
201,3664,0
201,559,0
201,4972,50
201,2012,70
201,3617,50
201,2502,70
201,1912,70
201,215,70
201,3205,30
201,4683,50
201,3160,50
201,5737,50
201,4762,0
201,6286,0
201,7172,50
201,4665,50
201,5333,50
201,2994,50
201,1254,50
201,1470,0
201,3369,30
201,8689,50
201,985,70
201,6761,70
201,8298,70
201,3616,0
201,9032,0
201,1468,0
201,5763,70
201,8108,0
201,1945,50
201,1743,50
201,3710,50
201,9938,50
201,5145,0
201,4119,50
201,5632,50
201,7073,70
201,3322,50
201,5631,70
201,8139,30
201,4107,50
201,7706,30
201,8833,70
201,8310,0
201,5203,50
201,8485,50
201,1176,0
201,8240,50
201,9613,70
201,6903,70
201,3073,70
201,7097,50
201,9051,50
201,6429,70
201,2355,70
201,9778,50
201,2442,0
201,4273,70
201,6765,70
201,9855,50
201,5088,50
203,4653,90
203,6539,0
203,9101,0
203,4643,30
203,109,30
203,1030,70
204,4283,0
204,6783,80
204,7764,100
204,1103,100
204,5857,100
204,713,100
205,6993,0
205,3433,90
205,1099,90
205,7092,90
205,5840,90
205,3853,0
205,8163,90
205,6829,0
205,3662,0
206,1080,80
206,3577,0
206,4283,0
206,6539,0
206,5718,40
206,3696,0
206,9190,80
206,2801,0
206,9596,80
206,1315,0
206,9354,30
206,14,90
206,8163,80
206,7850,10
206,7059,60
206,1127,90
206,4052,0
206,1683,100
206,8288,100
206,3572,80
206,780,80
206,4177,90
206,2209,50
206,8180,30
206,7876,30
206,2367,50
212,347,90
213,9339,0
213,5408,0
213,6984,100
213,7546,100
213,5653,100
213,3867,100
213,5118,100
213,5257,100
213,8420,100
213,7758,100
213,8542,0
213,1103,100
213,6394,100
213,6924,100
213,4341,100
213,6472,100
213,9691,100
213,4132,100
213,7826,100
213,3072,100
213,8914,100
213,2502,100
213,6473,100
213,3856,100
213,3253,100
213,8356,100
213,2466,100
213,2932,100
213,4424,100
213,5607,0
213,7118,0
213,8874,100
213,5341,90
213,3063,0
213,1637,90
213,6271,90
213,1599,90
213,7453,90
213,8853,90
213,1405,90
213,491,90
213,6249,0
213,7000,90
213,6539,90
213,471,90
213,7008,90
213,6275,90
213,9055,90
213,4964,90
213,8370,90
213,2513,90
213,7450,90
213,78,90
213,4056,90
213,7381,90
213,8275,90
213,6633,90
213,7592,90
213,845,90
213,5090,90
213,8491,90
213,7386,90
213,5480,90
213,194,90
213,709,90
213,5781,90
213,6162,90
213,2872,90
213,5163,90
213,8754,90
213,7630,90
213,895,90
213,5304,90
213,5622,90
213,686,90
213,4483,90
213,7321,90
213,6492,90
213,8565,90
213,6928,90
213,1551,90
213,4577,90
213,323,90
213,4004,90
213,2094,90
213,3359,90
213,8282,90
213,9009,90
213,9636,90
213,8992,90
213,618,90
213,4517,90
213,4896,90
213,1470,90
213,109,90
213,1465,90
213,4653,90
213,281,90
213,9564,90
213,4603,90
213,3860,90
213,4412,90
213,3908,90
213,5009,90
213,2602,90
213,7940,90
213,5024,90
213,2425,90
213,5158,90
213,4820,90
213,9960,90
213,160,90
213,7348,90
213,8155,90
213,1243,90
213,2867,90
213,8606,90
213,584,90
213,6518,90
213,6186,90
213,2383,90
213,7206,90
213,5915,90
213,7215,90
213,9791,90
213,2718,90
213,5881,90
213,5895,90
213,4100,90
213,1214,90
213,3073,90
213,3196,90
213,7137,90
213,8665,90
213,4266,90
213,8438,90
213,347,90
213,2895,90
213,7369,90
213,7989,90
213,9263,90
213,7162,90
213,1852,90
213,2250,90
213,1066,90
213,9583,90
213,5564,90
213,7757,90
214,9101,90
214,4283,0
214,2336,0
214,6264,0
214,1357,0
214,6441,0
214,8507,60
216,7011,70
216,5576,50
216,4683,70
216,6268,90
216,1901,0
216,9191,10
217,1895,0
217,2634,70
217,1383,90
220,1383,90
220,5567,0
220,6298,0
220,2624,90
220,8541,0
222,4653,90
223,9459,77
223,4653,60
225,9101,90
225,4283,100
227,8575,70
228,3259,0
231,4653,0
235,7465,0
235,4917,90
235,5426,50
235,4283,50
235,7059,50
235,7874,30
235,9409,90
235,7046,70
235,5832,70
235,749,70
235,2131,90
235,8550,70
235,978,90
235,1383,50
235,5203,70
235,9018,70
237,4283,65
237,8437,90
237,8441,30
237,9699,50
240,9148,80
240,4071,90
240,684,90
240,2655,0
241,601,0
242,6264,0
242,3380,0
243,8761,100
243,4859,100
244,4283,0
244,2558,0
246,3527,0
246,5730,0
246,8310,0
246,9238,0
246,9503,0
246,8689,70
246,8865,0
246,1383,0
246,2158,0
246,9960,0
246,3541,0
246,3669,0
246,8586,0
246,7594,0
246,7724,0
246,8935,0
246,9483,0
246,9170,0
246,800,70
246,5667,0
246,2442,0
246,6531,0
246,2309,0
246,8911,0
246,6438,0
246,5298,30
246,6623,70
246,1305,70
246,5540,0
246,3058,0
246,665,0
246,5717,0
246,2079,0
246,9147,70
246,8076,50
246,9026,70
246,3223,90
246,5128,30
246,538,50
246,1466,0
246,5115,0
246,8206,70
246,7070,0
246,4895,0
247,8462,90
248,9101,90
250,4653,30
250,2502,90
250,9101,70
